name: Kaptive_ra
channels:
  - bioconda
  - conda-forge
  - defaults
dependencies:
  - _libgcc_mutex=0.1=conda_forge
  - _openmp_mutex=4.5=2_gnu
  - biopython=1.70=np112py36_1
  - blas=1.1=openblas
  - blast=2.2.31=pl526he19e7b1_5
  - boost=1.70.0=py36hc8e3772_0
  - boost-cpp=1.70.0=h8e57a91_2
  - bzip2=1.0.8=h7f98852_4
  - c-ares=1.18.1=h7f98852_0
  - ca-certificates=2022.12.7=ha878542_0
  - curl=7.87.0=h6312ad2_0
  - entrez-direct=16.2=he881be0_1
  - fastani=1.33=h0fdf51a_1
  - freetype=2.12.1=hca18f0e_1
  - gettext=0.21.1=h27087fc_0
  - gsl=2.7=he838d99_0
  - icu=64.2=he1b5a44_1
  - jpeg=9e=h0b41bf4_3
  - keyutils=1.6.1=h166bdaf_0
  - krb5=1.20.1=hf9c8cef_0
  - lcms2=2.12=hddcbb42_0
  - ld_impl_linux-64=2.40=h41732ed_0
  - lerc=3.0=h9c3ff4c_0
  - libblas=3.9.0=13_linux64_openblas
  - libcblas=3.9.0=13_linux64_openblas
  - libcurl=7.87.0=h6312ad2_0
  - libdeflate=1.10=h7f98852_0
  - libedit=3.1.20191231=he28a2e2_2
  - libev=4.33=h516909a_1
  - libffi=3.4.2=h7f98852_5
  - libgcc-ng=12.2.0=h65d4601_19
  - libgfortran-ng=7.5.0=h14aa051_20
  - libgfortran4=7.5.0=h14aa051_20
  - libgomp=12.2.0=h65d4601_19
  - libidn2=2.3.4=h166bdaf_0
  - libnghttp2=1.51.0=hdcd2b5c_0
  - libnsl=2.0.0=h7f98852_0
  - libopenblas=0.3.18=hf726d26_0
  - libpng=1.6.39=h753d276_0
  - libsqlite=3.40.0=h753d276_0
  - libssh2=1.10.0=haa6b8db_3
  - libstdcxx-ng=12.2.0=h46fd767_19
  - libtiff=4.3.0=h0fcbabc_4
  - libunistring=0.9.10=h7f98852_0
  - libwebp-base=1.2.4=h166bdaf_0
  - libzlib=1.2.13=h166bdaf_4
  - mmtf-python=1.1.3=pyhd8ed1ab_0
  - msgpack-python=1.0.2=py36h605e78d_1
  - ncurses=6.3=h27087fc_1
  - numpy=1.12.1=py36_blas_openblash1522bff_1001
  - olefile=0.46=pyh9f0ad1d_1
  - openblas=0.3.3=h9ac9557_1001
  - openjpeg=2.5.0=h7d73246_0
  - openssl=1.1.1t=h0b41bf4_0
  - pcre=8.45=h9c3ff4c_0
  - perl=5.26.2=h36c2ea0_1008
  - perl-archive-tar=2.32=pl526_0
  - perl-carp=1.38=pl526_3
  - perl-common-sense=3.74=pl526_2
  - perl-compress-raw-bzip2=2.087=pl526he1b5a44_0
  - perl-compress-raw-zlib=2.087=pl526hc9558a2_0
  - perl-exporter=5.72=pl526_1
  - perl-exporter-tiny=1.002001=pl526_0
  - perl-extutils-makemaker=7.36=pl526_1
  - perl-io-compress=2.087=pl526he1b5a44_0
  - perl-io-zlib=1.10=pl526_2
  - perl-json=4.02=pl526_0
  - perl-json-xs=2.34=pl526h6bb024c_3
  - perl-list-moreutils=0.428=pl526_1
  - perl-list-moreutils-xs=0.428=pl526_0
  - perl-pathtools=3.75=pl526h14c3975_1
  - perl-scalar-list-utils=1.52=pl526h516909a_0
  - perl-types-serialiser=1.0=pl526_2
  - perl-xsloader=0.24=pl526_0
  - pillow=8.3.2=py36h676a545_0
  - pip=21.3.1=pyhd8ed1ab_0
  - python=3.6.15=hb7a2778_0_cpython
  - python_abi=3.6=2_cp36m
  - readline=8.1.2=h0f457ee_0
  - reportlab=3.5.68=py36h3e18861_0
  - setuptools=58.0.4=py36h5fab9bb_2
  - sqlite=3.40.0=h4ff8645_0
  - tk=8.6.12=h27826a3_0
  - wget=1.20.3=ha56f1ee_1
  - wheel=0.37.1=pyhd8ed1ab_0
  - xz=5.2.6=h166bdaf_0
  - zlib=1.2.13=h166bdaf_4
  - zstd=1.5.2=h3eb15da_6
prefix: /database/home/yangzhushuang/Anaconda3/envs/Kaptive_ra
